../.git/annex/objects/gZ/jq/MD5E-s395268--76b8da41f188ea2caae763de8c63d0df.tsv/MD5E-s395268--76b8da41f188ea2caae763de8c63d0df.tsv